1200	0.8541867136955261 +- 0.077126048505306241200	0.8478668332099915 +- 0.0756152793765068
8	0.7747467160224915 +- 0.09950880706310272
8	0.7924801111221313 +- 0.09806474298238754
12	0.8032000660896301 +- 0.09895668923854828
20	0.835840106010437 +- 0.0839879959821701
44	0.8282400369644165 +- 0.0847858265042305
5	0.8051201105117798 +- 0.08066010475158691
1200	0.8280000686645508 +- 0.09001925587654114
8	0.7861867547035217 +- 0.09705229103565216
12	0.8210667967796326 +- 0.08585631847381592
20	0.8300800919532776 +- 0.08693339675664902
44	0.8460800647735596 +- 0.07877739518880844
5	0.8080267310142517 +- 0.07988391071557999
1200	0.8405067324638367 +- 0.08325869590044022
8	0.7935200929641724 +- 0.0941656306385994
12	0.8313333988189697 +- 0.08406082540750504
20	0.8460800051689148 +- 0.0853167250752449
44	0.8556534051895142 +- 0.08207500725984573
5	0.807200014591217 +- 0.08078767359256744
1200	0.8531200289726257 +- 0.07916872948408127
8	0.8083200454711914 +- 0.0882004052400589
12	0.8345334529876709 +- 0.08330708742141724
20	0.842720091342926 +- 0.08232443779706955
44	0.8380000591278076 +- 0.07801025360822678
5	0.816240131855011 +- 0.0802246555685997
1200	0.8633067607879639 +- 0.07400720566511154
8	0.8050400614738464 +- 0.08697086572647095
12	0.8382133841514587 +- 0.08403601497411728
20	0.856586754322052 +- 0.08244320750236511
44	0.8452000617980957 +- 0.08093003928661346
5	0.7960800528526306 +- 0.08334299921989441
1200	0.8678401112556458 +- 0.07269816845655441
